[gd_scene load_steps=19 format=2]

[ext_resource path="res://components_lib/eidos_pv_400/scenes/current_collector.tscn" type="PackedScene" id=1]
[ext_resource path="res://components_lib/eidos_pv_400/meshes/NAUO6.mesh" type="ArrayMesh" id=2]
[ext_resource path="res://components_lib/eidos_pv_400/meshes/NAUO4.mesh" type="ArrayMesh" id=7]
[ext_resource path="res://components_lib/eidos_pv_400/meshes/NAUO60.mesh" type="ArrayMesh" id=14]
[ext_resource path="res://components_lib/eidos_pv_400/meshes/NAUO55.mesh" type="ArrayMesh" id=15]
[ext_resource path="res://components_lib/eidos_pv_400/meshes/NAUO58.mesh" type="ArrayMesh" id=16]
[ext_resource path="res://components_lib/eidos_pv_400/meshes/NAUO56.mesh" type="ArrayMesh" id=17]
[ext_resource path="res://components_lib/eidos_pv_400/meshes/NAUO13.mesh" type="ArrayMesh" id=18]
[ext_resource path="res://components_lib/eidos_pv_400/meshes/NAUO14.mesh" type="ArrayMesh" id=19]
[ext_resource path="res://components_lib/eidos_pv_400/meshes/NAUO11.mesh" type="ArrayMesh" id=20]
[ext_resource path="res://components_lib/eidos_pv_400/meshes/NAUO15.mesh" type="ArrayMesh" id=21]
[ext_resource path="res://components_lib/eidos_pv_400/meshes/NAUO2.mesh" type="ArrayMesh" id=22]
[ext_resource path="res://components_lib/eidos_pv_400/meshes/NAUO3.mesh" type="ArrayMesh" id=23]
[ext_resource path="res://components_lib/eidos_pv_400/meshes/NAUO12.mesh" type="ArrayMesh" id=25]
[ext_resource path="res://components_lib/eidos_pv_400/meshes/NAUO59.mesh" type="ArrayMesh" id=32]
[ext_resource path="res://components_lib/eidos_pv_400/meshes/NAUO10.mesh" type="ArrayMesh" id=33]
[ext_resource path="res://components_lib/eidos_pv_400/materials/mat_0.material" type="Material" id=37]
[ext_resource path="res://components_lib/eidos_pv_400/materials/mat_3.material" type="Material" id=38]

[node name="eidos_pv_400" type="RcsPositioner"]
positioner_name = "pv_400"
joints_count = 1
joints_data/joint_1_/joint_path = NodePath("position/RcsJoint")
joints_data/joint_1_/home_position = 0.0
joints_data/joint_1_/is_linear = false
joints_data/joint_1_/reduction_rate = 121.0
joints_data/joint_1_/speed_rpm = 3000.0
joints_data/joint_1_/steps_per_revolution = 2000
joints_data/joint_1_/joint_min_deg_or_mm = -36000.0
joints_data/joint_1_/joint_max_deg_or_mm = 36000.0
joints_data/joint_1_/allow_deustation = false
joints_data/joint_1_/ignore_z_mark = false
joints_data/joint_1_/acceleration_time_ms = 400.0

[node name="position" type="Spatial" parent="."]
transform = Transform( -4.37114e-08, 1, 0, -1, -4.37114e-08, 0, 0, 0, 1, 0, 475.17, 0 )

[node name="NAUO1" type="Spatial" parent="position"]

[node name="NAUO54" type="Spatial" parent="position/NAUO1"]

[node name="NAUO57" type="Spatial" parent="position/NAUO1/NAUO54"]
transform = Transform( 1, 0, 0, 0, 1, 0, 0, 0, 1, 69, 0, 0 )

[node name="NAUO60" type="MeshInstance" parent="position/NAUO1/NAUO54/NAUO57"]
transform = Transform( -1, -1.58879e-33, 0, 1.58879e-33, -1, 0, 0, 0, 1, 0, 0, 0 )
mesh = ExtResource( 14 )
material/0 = ExtResource( 38 )
material/1 = ExtResource( 38 )

[node name="NAUO58" type="MeshInstance" parent="position/NAUO1/NAUO54"]
transform = Transform( 1, 0, 0, 0, 1, 0, 0, 0, 1, 66, 0, 0 )
mesh = ExtResource( 16 )
material/0 = ExtResource( 37 )

[node name="NAUO59" type="MeshInstance" parent="position/NAUO1/NAUO54"]
transform = Transform( -1, 5.5803e-17, 0, -5.5803e-17, -1, 0, 0, 0, 1, 477, 0, 0 )
mesh = ExtResource( 32 )
material/0 = ExtResource( 37 )
material/1 = ExtResource( 37 )

[node name="NAUO55" type="MeshInstance" parent="position/NAUO1"]
transform = Transform( 0, 1.57955e-15, 1, -1.57955e-15, -1, 1.57955e-15, 1, -1.57955e-15, 0, 183.456, 0, -242.094 )
mesh = ExtResource( 15 )
material/0 = ExtResource( 37 )

[node name="NAUO56" type="MeshInstance" parent="position/NAUO1"]
transform = Transform( 0, 0.0981665, -0.99517, 1, 0, 0, 0, -0.99517, -0.0981666, 286.497, 0, -221.903 )
mesh = ExtResource( 17 )
material/0 = ExtResource( 37 )

[node name="NAUO3" type="MeshInstance" parent="position"]
transform = Transform( 0, 0.0981665, 0.99517, -1, 0, 0, 0, -0.99517, 0.0981665, 286.694, 0, -223.894 )
mesh = ExtResource( 23 )
material/0 = ExtResource( 37 )

[node name="current_collector" parent="position" instance=ExtResource( 1 )]

[node name="current_collector3" parent="position" instance=ExtResource( 1 )]
transform = Transform( 0, -1.77636e-15, 1, 0.866025, -0.5, 0, 0.5, 0.866025, 0, 50, -52, 90.0666 )

[node name="current_collector4" parent="position" instance=ExtResource( 1 )]
transform = Transform( 0, 0, 1, -0.866025, -0.5, 0, 0.5, -0.866025, 0, 50, -52, -90.0666 )

[node name="NAUO4" type="MeshInstance" parent="position"]
transform = Transform( 1, 0, 0, 0, -1, -1.03437e-16, 0, 1.03437e-16, -1, 0, 0, 0 )
mesh = ExtResource( 7 )
material/0 = ExtResource( 38 )
material/1 = ExtResource( 38 )

[node name="NAUO6" type="MeshInstance" parent="position"]
transform = Transform( 0, 1, 0, -1, 0, 0, 0, 0, 1, 85, 0, 0 )
mesh = ExtResource( 2 )
material/0 = ExtResource( 37 )

[node name="RcsJoint" type="RcsJoint" parent="position"]
transform = Transform( 1.91069e-15, -4.37114e-08, -1, -1, -4.37114e-08, 0, -4.37114e-08, 1, -4.37114e-08, 0, 0, 0 )
base_rotation = Vector3( 0, -90, -90 )

[node name="NAUO10" type="MeshInstance" parent="position/RcsJoint"]
transform = Transform( 0.1657, -3.55271e-15, -0.986176, -0.986176, 4.37114e-08, -0.1657, 4.31071e-08, 1, 7.24298e-09, -28.1052, -40.1385, 8 )
redirect_selection = true
mesh = ExtResource( 33 )
material/0 = ExtResource( 37 )
material/1 = ExtResource( 37 )

[node name="NAUO11" type="MeshInstance" parent="position/RcsJoint"]
transform = Transform( 0.1657, -3.55271e-15, -0.986176, -0.986176, 4.37114e-08, -0.1657, 4.31071e-08, 1, 7.24298e-09, 1.85773e-06, -42.5, 8 )
redirect_selection = true
mesh = ExtResource( 20 )
material/0 = ExtResource( 37 )
material/1 = ExtResource( 37 )

[node name="NAUO12" type="MeshInstance" parent="position/RcsJoint"]
transform = Transform( 0.1657, -3.55271e-15, -0.986176, -0.986176, 4.37114e-08, -0.1657, 4.31071e-08, 1, 7.24298e-09, 28.1052, -40.1385, 8 )
redirect_selection = true
mesh = ExtResource( 25 )
material/0 = ExtResource( 37 )
material/1 = ExtResource( 37 )

[node name="NAUO13" type="MeshInstance" parent="position/RcsJoint"]
transform = Transform( 0.1657, -3.55271e-15, -0.986176, -0.986176, 4.37114e-08, -0.1657, 4.31071e-08, 1, 7.24298e-09, 28.1052, 40.1385, 8 )
redirect_selection = true
mesh = ExtResource( 18 )
material/0 = ExtResource( 37 )
material/1 = ExtResource( 37 )

[node name="NAUO14" type="MeshInstance" parent="position/RcsJoint"]
transform = Transform( 0.1657, -3.55271e-15, -0.986176, -0.986176, 4.37114e-08, -0.1657, 4.31071e-08, 1, 7.24298e-09, -1.85774e-06, 42.5, 8 )
redirect_selection = true
mesh = ExtResource( 19 )
material/0 = ExtResource( 37 )
material/1 = ExtResource( 37 )

[node name="NAUO15" type="MeshInstance" parent="position/RcsJoint"]
transform = Transform( 0.1657, -3.55271e-15, -0.986176, -0.986176, 4.37114e-08, -0.1657, 4.31071e-08, 1, 7.24298e-09, -28.1052, 40.1385, 8 )
redirect_selection = true
mesh = ExtResource( 21 )
material/0 = ExtResource( 37 )
material/1 = ExtResource( 37 )

[node name="NAUO2" type="MeshInstance" parent="position/RcsJoint"]
transform = Transform( 3.55271e-15, -1, -4.37114e-08, -4.37114e-08, -4.37114e-08, 1, -1, 0, -4.37114e-08, -1.81899e-12, 1.00536e-06, 23 )
redirect_selection = true
mesh = ExtResource( 22 )
material/0 = ExtResource( 38 )
material/1 = ExtResource( 38 )
